;------ BEGIN IMAGE --------
db 8 ; ancho
db 32 ; alto
db 68 , 0 , 0 , 0 , 0 , 0 , 0 , 0 
db 68 , 68 , 0 , 68 , 0 , 0 , 136 , 0 
db 68 , 68 , 0 , 68 , 136 , 136 , 136 , 136 
db 0 , 136 , 68 , 8 , 0 , 136 , 136 , 204 
db 204 , 140 , 204 , 136 , 8 , 204 , 68 , 68 
db 76 , 8 , 204 , 136 , 204 , 204 , 8 , 8 
db 4 , 8 , 4 , 68 , 76 , 136 , 12 , 0 
db 4 , 12 , 8 , 8 , 4 , 4 , 136 , 8 
db 0 , 136 , 0 , 68 , 204 , 4 , 140 , 200 
db 140 , 136 , 140 , 68 , 204 , 76 , 0 , 204 
db 136 , 204 , 136 , 8 , 68 , 196 , 0 , 196 
db 136 , 72 , 64 , 8 , 136 , 8 , 140 , 204 
db 68 , 64 , 68 , 8 , 200 , 0 , 200 , 64 
db 76 , 76 , 196 , 128 , 128 , 128 , 136 , 76 
db 76 , 196 , 64 , 68 , 68 , 0 , 0 , 76 
db 0 , 0 , 128 , 0 , 128 , 0 , 192 , 0 
db 192 , 192 , 64 , 4 , 128 , 4 , 192 , 128 
db 64 , 64 , 0 , 8 , 128 , 4 , 192 , 0 
db 192 , 128 , 64 , 64 , 132 , 64 , 128 , 4 
db 64 , 128 , 192 , 128 , 0 , 72 , 192 , 0 
db 192 , 0 , 4 , 192 , 128 , 72 , 128 , 64 
db 0 , 128 , 128 , 128 , 128 , 192 , 192 , 72 
db 192 , 64 , 132 , 192 , 0 , 192 , 128 , 64 
db 64 , 0 , 0 , 128 , 132 , 128 , 128 , 64 
db 64 , 4 , 192 , 128 , 0 , 192 , 0 , 8 
db 64 , 0 , 192 , 192 , 64 , 192 , 64 , 64 
db 64 , 0 , 128 , 192 , 72 , 64 , 0 , 192 
db 192 , 132 , 192 , 192 , 64 , 0 , 128 , 128 
db 64 , 128 , 128 , 132 , 192 , 128 , 4 , 192 
db 4 , 64 , 192 , 64 , 192 , 192 , 0 , 128 
db 132 , 64 , 192 , 4 , 0 , 128 , 0 , 128 
db 132 , 64 , 64 , 0 , 128 , 4 , 0 , 0 
;------ END IMAGE --------
' ------ BEGIN PALETA --------
INK  0 , 0 
INK  1 , 3 
INK  2 , 13 
INK  3 , 9 
INK  4 , 26 
INK  5 , 26 
INK  6 , 26 
INK  7 , 26 
INK  8 , 2 
INK  9 , 2 
INK  10 , 2 
INK  11 , 2 
INK  12 , 15 
INK  13 , 15 
INK  14 , 15 
INK  15 , 15 
' ------ END PALETA --------
;------ BEGIN IMAGE --------
db 8 ; ancho
db 32 ; alto
db 0 , 0 , 0 , 1 , 2 , 0 , 0 , 0 
db 0 , 0 , 0 , 18 , 33 , 0 , 0 , 0 
db 0 , 0 , 1 , 48 , 48 , 0 , 0 , 0 
db 0 , 0 , 1 , 33 , 3 , 0 , 0 , 0 
db 0 , 0 , 18 , 18 , 32 , 0 , 0 , 0 
db 0 , 0 , 3 , 48 , 48 , 0 , 0 , 0 
db 0 , 0 , 3 , 32 , 32 , 0 , 0 , 0 
db 0 , 0 , 18 , 48 , 48 , 0 , 0 , 0 
db 0 , 0 , 17 , 48 , 48 , 0 , 0 , 0 
db 0 , 0 , 17 , 49 , 51 , 0 , 0 , 0 
db 0 , 3 , 18 , 51 , 51 , 2 , 0 , 0 
db 0 , 18 , 18 , 51 , 51 , 32 , 0 , 0 
db 1 , 48 , 48 , 49 , 51 , 32 , 0 , 0 
db 1 , 18 , 18 , 48 , 50 , 32 , 0 , 0 
db 0 , 33 , 3 , 48 , 48 , 2 , 0 , 0 
db 16 , 32 , 3 , 3 , 33 , 18 , 32 , 0 
db 16 , 32 , 48 , 48 , 48 , 18 , 0 , 0 
db 16 , 2 , 1 , 48 , 48 , 2 , 0 , 0 
db 3 , 33 , 1 , 18 , 18 , 2 , 0 , 0 
db 18 , 33 , 17 , 51 , 51 , 0 , 0 , 0 
db 18 , 33 , 1 , 48 , 48 , 0 , 0 , 0 
db 1 , 32 , 1 , 18 , 48 , 0 , 0 , 0 
db 0 , 2 , 0 , 18 , 33 , 0 , 0 , 0 
db 0 , 0 , 16 , 32 , 3 , 0 , 0 , 0 
db 0 , 0 , 1 , 32 , 18 , 2 , 0 , 0 
db 0 , 0 , 33 , 0 , 3 , 2 , 0 , 0 
db 0 , 16 , 48 , 0 , 16 , 2 , 0 , 0 
db 0 , 16 , 32 , 0 , 16 , 2 , 0 , 0 
db 0 , 48 , 32 , 0 , 16 , 2 , 0 , 0 
db 0 , 48 , 48 , 0 , 16 , 3 , 0 , 0 
db 0 , 16 , 48 , 0 , 16 , 33 , 2 , 0 
db 0 , 0 , 0 , 0 , 0 , 0 , 0 , 0 
;------ END IMAGE --------
;------ BEGIN IMAGE --------
db 8 ; ancho
db 32 ; alto
db 0 , 0 , 0 , 0 , 0 , 0 , 0 , 0 
db 0 , 0 , 0 , 0 , 3 , 0 , 0 , 0 
db 0 , 0 , 0 , 1 , 48 , 2 , 0 , 0 
db 0 , 0 , 0 , 18 , 48 , 32 , 0 , 0 
db 0 , 0 , 0 , 18 , 3 , 2 , 0 , 0 
db 0 , 0 , 1 , 33 , 48 , 0 , 0 , 0 
db 0 , 0 , 1 , 18 , 48 , 32 , 0 , 0 
db 0 , 0 , 1 , 18 , 16 , 0 , 0 , 0 
db 0 , 0 , 1 , 48 , 48 , 32 , 0 , 0 
db 0 , 0 , 0 , 50 , 48 , 32 , 0 , 0 
db 0 , 0 , 0 , 50 , 51 , 34 , 0 , 0 
db 0 , 1 , 3 , 49 , 51 , 35 , 0 , 0 
db 0 , 1 , 33 , 49 , 51 , 50 , 0 , 0 
db 0 , 18 , 48 , 48 , 51 , 50 , 0 , 0 
db 0 , 3 , 33 , 48 , 49 , 48 , 0 , 0 
db 0 , 16 , 3 , 18 , 48 , 33 , 0 , 0 
db 0 , 48 , 1 , 3 , 18 , 3 , 48 , 0 
db 0 , 48 , 16 , 48 , 48 , 33 , 32 , 0 
db 0 , 33 , 0 , 18 , 48 , 33 , 0 , 0 
db 1 , 18 , 2 , 3 , 33 , 33 , 0 , 0 
db 1 , 48 , 2 , 51 , 51 , 34 , 0 , 0 
db 1 , 48 , 2 , 18 , 48 , 32 , 0 , 0 
db 0 , 18 , 0 , 3 , 48 , 32 , 0 , 0 
db 0 , 1 , 0 , 1 , 48 , 2 , 0 , 0 
db 0 , 0 , 0 , 48 , 1 , 2 , 0 , 0 
db 0 , 0 , 0 , 18 , 1 , 33 , 0 , 0 
db 0 , 0 , 16 , 2 , 1 , 3 , 0 , 0 
db 0 , 0 , 48 , 32 , 0 , 33 , 0 , 0 
db 0 , 0 , 48 , 0 , 0 , 33 , 0 , 0 
db 0 , 16 , 48 , 0 , 0 , 33 , 0 , 0 
db 0 , 16 , 48 , 32 , 0 , 33 , 2 , 0 
db 0 , 0 , 48 , 32 , 0 , 48 , 3 , 0 
;------ END IMAGE --------
;------ BEGIN IMAGE --------
db 8 ; ancho
db 32 ; alto
db 0 , 0 , 0 , 0 , 0 , 0 , 0 , 0 
db 0 , 0 , 0 , 0 , 3 , 0 , 0 , 0 
db 0 , 0 , 0 , 1 , 48 , 2 , 0 , 0 
db 0 , 0 , 0 , 18 , 48 , 32 , 0 , 0 
db 0 , 0 , 0 , 18 , 3 , 2 , 0 , 0 
db 0 , 0 , 1 , 33 , 48 , 0 , 0 , 0 
db 0 , 0 , 1 , 18 , 48 , 32 , 0 , 0 
db 0 , 0 , 1 , 18 , 16 , 0 , 0 , 0 
db 0 , 0 , 1 , 48 , 48 , 32 , 0 , 0 
db 0 , 0 , 0 , 50 , 48 , 32 , 0 , 0 
db 0 , 0 , 0 , 50 , 51 , 34 , 0 , 0 
db 0 , 1 , 3 , 49 , 51 , 35 , 0 , 0 
db 0 , 1 , 33 , 49 , 51 , 50 , 0 , 0 
db 0 , 18 , 48 , 48 , 51 , 50 , 0 , 0 
db 0 , 3 , 33 , 48 , 49 , 48 , 0 , 0 
db 0 , 16 , 3 , 18 , 48 , 33 , 0 , 0 
db 0 , 16 , 33 , 3 , 18 , 3 , 0 , 0 
db 0 , 16 , 33 , 48 , 48 , 32 , 0 , 0 
db 0 , 0 , 33 , 18 , 48 , 48 , 0 , 0 
db 0 , 0 , 18 , 33 , 33 , 48 , 0 , 0 
db 0 , 0 , 18 , 33 , 51 , 34 , 0 , 0 
db 0 , 0 , 0 , 33 , 48 , 32 , 0 , 0 
db 0 , 0 , 0 , 3 , 48 , 32 , 0 , 0 
db 0 , 0 , 0 , 1 , 18 , 0 , 0 , 0 
db 0 , 0 , 0 , 0 , 33 , 0 , 0 , 0 
db 0 , 0 , 0 , 16 , 33 , 0 , 0 , 0 
db 0 , 0 , 0 , 1 , 18 , 0 , 0 , 0 
db 0 , 0 , 0 , 0 , 48 , 0 , 0 , 0 
db 0 , 0 , 0 , 1 , 48 , 0 , 0 , 0 
db 0 , 0 , 0 , 33 , 48 , 32 , 0 , 0 
db 0 , 0 , 0 , 33 , 48 , 48 , 0 , 0 
db 0 , 0 , 0 , 48 , 0 , 0 , 0 , 0 
;------ END IMAGE --------
GLLD